0.999823 0 0.81935 0.86751 
0.999762 0 0.959332 0.749391 
0.998846 0 0.737567 0.970266 
0.999612 0 0.819893 0.837805 
0.999886 0 0.725883 0.959191 
0.665568 1 0.131934 0.532355 
0.999429 0 0.883435 0.920543 
0.666383 1 0.164168 0.639666 
0.999202 0 0.271412 0.977604 
0.999526 0 0.570536 0.908905 
0.640905 1 0.147429 0.222079 
0.99974 0 0.908688 0.938952 
0.99929 0 0.652946 0.956799 
0.999786 0 0.90473 0.974169 
0.998846 0 0.737567 0.970266 
0.999666 0 0.511624 0.870429 
0.998213 0 0.80719 0.927786 
0.999097 0 0.579268 0.962498 
0.999557 0 0.427896 0.931279 
0.999911 0 0.773667 0.812193 
0.997313 0 0.576053 0.910739 
0.999012 0 0.509162 0.928392 
0.999208 0 0.243831 0.979746 
0.999097 0 0.579268 0.962498 
0.999768 0 0.300784 0.849019 
0.999886 0 0.725883 0.959191 
0.99985 0 0.770517 0.82397 
0.99898 0 0.657164 0.743033 
0.999888 0 0.597874 0.868373 
0.999569 0 0.877276 0.908266 
0.999859 0 0.946475 0.922819 
0.999911 0 0.773667 0.812193 
0 0.462324 0.483645 0.847599 
0 0.144662 0.289949 0.97202 
0 0.422937 0.56085 0.976968 
0 0.680409 0.305113 0.883409 
0 0.156492 0.601517 0.788629 
0 0.20201 0.867281 0.952441 
0 0.564688 0.759484 0.899228 
0 0.360268 0.462333 0.917504 
1 0 0 0.542025 
0 0.340559 0.433215 0.922344 
0 0.466205 0.504759 0.956836 
0 0.448376 0.726111 0.912393 
0.965054 0.168357 0.85123 0 
0 0.892084 0.112802 0.968623 
0 0.700698 0.641556 0.808342 
0 0.554227 0.473931 0.442268 
0.968274 0.181199 0.886449 0 
0 0.317416 0.713499 0.946947 
0.963082 0.179282 0.869152 0 
0.842965 0.214629 0.767488 0 
0.877757 0.529699 0.366574 0 
0 0.748583 0.124671 0.878049 
0.948698 0.461281 0.44612 0 
0.894236 0.471097 0.727591 0 
0 0.636063 0.831155 0.371686 
0.240418 1 0 0 
0 0.886142 0.287775 0.811745 
0.877757 0.529699 0.366574 0 
0 0.567186 0.90774 0.20114 
0.637843 0.4803 0.445588 0 
0.844682 0 0.269009 0.378303 
1 0 0.220845 0.217602 
0 0.299469 0.268478 0.847995 
0.877748 0.460587 0.845229 0 
0 0.0802684 0.840778 0.947471 
0.546794 0.367295 0.823475 0 
0 0.0406649 0.399853 0.961427 
1 0 0 0.587854 
0 0.219885 0.378858 0.777954 
0 0.279083 0.490356 0.900578 
0.627881 0 0.590518 1 
0 0.358306 0.147128 0.967427 
0 0.0609983 0.678591 0.976001 
0.736445 0.749706 0.561725 0 
0 0.0609983 0.678591 0.976001 
0.793163 0.603003 0.905062 0 
0.304527 0.642025 0.609155 0 
1 0.175107 0.296066 0.445624 
0.988469 0.116763 0.326627 0 
0 0.279083 0.490356 0.900578 
0 0.0253296 0.357939 0.909645 
0.780071 0 0.630247 0.715457 
0 0.053513 0.717771 0.881515 
0.304527 0.642025 0.609155 0 
0.849102 0.696252 0.66957 0 
1 0 0 0.517375 
0.535812 0.184292 0.714131 0 
0.664344 0.242235 0.763142 0 
0.656564 0.284877 0.737736 0 
0 0.110497 0.765914 0.931703 
0.560954 0.8488 0.213039 0 
1 0 0 0.452253 
0.500089 0 0.154009 0.915714 
0 0.237963 0.757815 0.618157 
0.808293 0.117095 0.707227 0 
0.956227 0.0956433 0.142599 0 
0.953763 0.690466 0 0.268548 
0.59468 0.763642 0.685864 0 
0.512569 0.0148323 0.457392 1 
0.627223 0.381314 0.77557 0 
0 0.378137 0.868037 0.285622 
0.750717 0.678986 0 0.787625 
0.546008 0.0963486 0.951861 0 
1 0 0 0.622936 
0.0355813 0.951812 0.371125 0 
0.743615 0.105314 0.710931 0 
0.849166 0.518621 0 0.0868376 
0.550461 0.215634 0.892071 0 
0.336315 0 0.552468 0.905355 
0.853274 0.699651 0 0.292711 
0 0.378137 0.868037 0.285622 
0.934056 0.173877 0.235303 0 
0.542619 0.657892 0.330063 0 
0.479702 0.211065 0.796645 0 
0.765555 0.231437 0 0.516694 
0.926015 0.324811 0.142973 0 
0.403131 1 0 0.295622 
0.642042 0.154114 0.908188 0 
0.934056 0.173877 0.235303 0 
0 0.103519 0.58665 0.926999 
0.336315 0 0.552468 0.905355 
0 0.17393 0.313086 0.226181 
1 0 0.230937 0.0640389 
0.0970439 0.762944 0.161268 0 
0 0.737526 0.420382 0.456917 
0.915963 0.138535 0.292264 0 
0.724476 0.299678 0.733196 0 
1 0 0 0.577187 
0.661391 0.570457 0.652171 0 
1 0.00185139 0.428914 0.068862 
0.938624 0.410176 0 0.739215 
0.326572 0.465498 0.466409 0 
0 0.0812321 0.637723 0.848944 
0.725203 0.606263 0 0.271275 
0.849878 0.136275 0 0.829189 
0 0.140496 0.496864 0.490933 
0.708395 0.476281 0.184954 0 
0 0.356333 0.395268 0.716413 
0.915963 0.138535 0.292264 0 
0 0.530431 0.627462 0.654683 
1 0 0.230937 0.0640389 
0.129419 0 0.401038 0.754165 
0 0.530431 0.627462 0.654683 
0.377731 0.353479 0 0.923959 
1 0 0 0.577187 
0 0.406406 0.635489 0.816827 
0 0.356333 0.395268 0.716413 
0 0.530431 0.627462 0.654683 
0.796004 0.665459 0 0.254799 
0.838995 0.530894 0 0.875429 
0 0.523372 0.252736 0.241663 
0.501134 0.900658 0.107816 0 
0.270074 0.00777105 0 1 
0.551773 0.263865 0 0.821269 
0 0.213955 0.646974 0.832378 
0.775658 0 0.161574 0.830829 
0.906672 0.665335 0 0.298318 
0.842487 0 0.128702 0.802674 
0.725203 0.606263 0 0.271275 
0 0.651904 0.75558 0.192133 
0.795483 0.11864 0.155459 0 
0.849878 0.136275 0 0.829189 
0 0.102888 0.655284 0.117224 
0.708395 0.476281 0.184954 0 
0 0.0258632 0.757752 0.847955 
0 0.0812321 0.637723 0.848944 
1 0.254796 0.262501 0.386788 
0.250033 0.183986 0.497658 0 
0 0.310942 0.4018 0.398472 
0.366582 0.80745 0 0.747201 
0.258145 0.347836 0.435914 0 
0.431705 0.0787416 0.873772 0 
0.563788 0 0.478008 0.670657 
0.936068 0.231065 0.185792 0 
0.18643 0.561609 0.883785 0 
0.342111 0 0.206009 0.381706 
0 0.227275 0.833301 0.85751 
0.258145 0.347836 0.435914 0 
0.431705 0.0787416 0.873772 0 
0.303687 0 0.598381 0.563326 
0.140748 0.314379 0 0.671347 
0.802503 0.190935 0.33953 0 
0.258145 0.347836 0.435914 0 
0.368361 0.492157 0.486694 0 
0 0.201199 0.777224 0.493179 
0.258145 0.347836 0.435914 0 
0.64905 0.139063 0.0669327 0 
0.502715 0.237006 0.442523 0 
0.585217 0.1058 0 0.92731 
0.977398 0.136542 0.142394 0 
0.153019 0.765076 0 0.515917 
1 0 0 0.540538 
0.558337 0 0.09753 0.713589 
0.378521 0.514427 0.315467 0 
0.234177 0 0.391293 0.481144 
0.749939 0.523921 0.129491 0 
0.0713043 0.572047 0 0.211823 
0.158848 0.240292 0.212474 0 
0.134279 0.335851 0 0.294351 
0.721833 0.389117 0.460788 0 
0.891442 0.180858 0.38445 0 
0.721833 0.389117 0.460788 0 
0 0.316275 0.583205 0.446419 
0 0.0512556 0.443568 0.849189 
0.732003 0.711765 0.58101 0 
0.804607 0.150631 0.652196 0 
0 0.435598 0.362278 0.983732 
0 0.157587 0.683388 0.25252 
0 0.564877 0.204624 0.488275 
0 0.348308 0.393366 0.700158 
0.472841 0.507288 0.488545 0 
0.553069 1 0 0.32156 
0.817038 0.40609 0.196196 0 
0 0.348308 0.393366 0.700158 
0 0.464477 0.264187 0.275428 
0 0.592827 0.144044 0.745746 
0.0794919 0.442454 0.161694 0 
0.366198 0 0.28082 1 
0.620438 0.485277 0.259132 0 
0.568787 0.558589 0.416078 0 
0 0.336812 0.435709 0.888953 
0.437802 0.666018 0.44373 0 
0 0.564877 0.204624 0.488275 
1 0 0.108529 0.537819 
0.316531 0.261921 0.478219 0 
0.239551 0.444904 0 0.647926 
0.4886 0.376942 0.485873 0 
0.8397 0.121669 0.876143 0 
0.526544 0.769163 0.509362 0 
0 0.435598 0.362278 0.983732 
0.703751 0.29724 0.223458 0 
0.752398 0.672646 0 0.190397 
0 0.592827 0.144044 0.745746 
0.732003 0.711765 0.58101 0 
0.558995 0.381113 0.219956 0 
0 0.435598 0.362278 0.983732 
0.558995 0.381113 0.219956 0 
0 0.151881 0.624388 0.155836 
0 0.423662 0.578878 0.857899 
0.600764 0.483403 0.509424 0 
0 0.352508 0.413152 0.554037 
0 0.0316132 0.439808 0.874128 
0 0.423662 0.578878 0.857899 
0.0794919 0.442454 0.161694 0 
0.803226 0.188554 0 0.337309 
0.703751 0.29724 0.223458 0 
0.355888 0 1 0.61091 
0 0.0133313 0 1 
0 0.659308 0.454962 0.548358 
0.464251 0.605701 0 0.164155 
0.222844 0.179769 0.465736 0 
0.216581 0.586783 0.372554 0 
1 0 0 0.278288 
0.144732 0.812381 0.179834 0 
0.216581 0.586783 0.372554 0 
0.488665 1 0 0.153613 
0 0.265986 0.880878 0.464773 
0.464251 0.605701 0 0.164155 
0.909864 0.360515 0 0.597756 
0.8397 0.121669 0.876143 0 
0 0.130279 0.459833 0.742476 
0.87614 0.551901 0.162161 0 
0.777461 0.285376 0.408582 0 
0 0.0235602 0.703784 0.25275 
1 0 0 0.442964 
0.401018 0.17642 0.0969447 0 
1 0 0 0.514046 
0 0.52045 0.65841 0.191196 
0.592859 0.740993 0.476172 0 
0.665648 0.54153 0.453781 0 
0.454235 0.525585 0.55149 0 
0 0.35829 0.410973 0.103629 
0.87614 0.551901 0.162161 0 
0.495143 0.43758 0.305498 0 
0.969737 0.100662 0.102107 0 
0 0 0.62882 1 
0 0.395983 0.237543 0.439592 
0.472102 0.349811 0.592118 0 
0 0.0398353 0.0704712 0.422007 
0.592859 0.740993 0.476172 0 
0.642295 0 0.439894 0.789904 
0.592859 0.740993 0.476172 0 
0.134108 0.509708 0.838998 0 
0 0.139396 0.384068 0.127841 
0.418675 0.20269 0 0.369964 
0.176069 0.529407 0.114538 0 
0.423977 0.140617 0 0.417365 
0.472102 0.349811 0.592118 0 
0.869354 0.396658 0 0.582042 
0 0.146541 0.51694 1 
1 0 0.421895 0 
0 0.144125 0.48209 0.0470376 
0.412437 0.173533 0.885742 0 
0.690713 0.548312 0.335138 0 
0.716255 0.267385 0 0.488402 
0 0.168833 0.607557 0.042694 
0 0 0 1 
0.0353488 0.545797 0 0.250282 
0.00587364 0.736999 0.207285 0 
0.176069 0.529407 0.114538 0 
0 0.685229 0.526126 0.550293 
0.526284 0.17755 0.635894 0 
0.176069 0.529407 0.114538 0 
0 0.146541 0.51694 1 
0.446153 0.402323 0.545715 0 
0.869354 0.396658 0 0.582042 
0.454235 0.525585 0.55149 0 
0 0.115751 0.852703 0.178903 
0.845184 0.0769151 0.560447 0 
0.87614 0.551901 0.162161 0 
0.592859 0.740993 0.476172 0 
0 0.685229 0.526126 0.550293 
0 0.187373 0.347821 0.125644 
0 0.402109 0.289013 0.17234 
0.495143 0.43758 0.305498 0 
0 0.187373 0.347821 0.125644 
